2;;1383 1964 
3;;2014 
4;;1114 
5;;1095 1295 
6;;1002 
7;;2014 
8;;241 
9;;580 749 839 
10;;1462 
11;;1683 
12;;1776 2059 
13;;1599 1600 
14;;1031 1580 
15;;399 
16;;935 1776 
17;;831 1064 
18;;1269 1545 
19;;518 942 1324 
20;;804 
21;;249 
22;;52 
23;;403 1630 1981 
24;;883 
25;;1979 
26;;1227 1767 
27;;845 
28;;57 
29;;231 
30;;291 801 
31;;1005 2089 
32;;298 1692 
33;;13 
34;;452 
35;;517 1848 
36;;331 
37;;234 
38;;589 1798 
39;;290 861 862 1077 1093 
40;;147 2067 610 
41;;821 
42;;978 1456 
43;;220 
44;;1267 1770 
45;;1022 1509 
46;;1994 
47;;259 
48;;2043 
49;;211 
50;;1003 1773 
51;;364 757 
52;;165 1253 
53;;1175 
54;;674 813 
55;;1923 2041 
56;;1666 1892 
57;;963 1052 
58;;1092 
59;;896 1555 
60;;
61;;1018 1830 
62;;971 1353 1355 
63;;934 
64;;360 
65;;1769 
66;;471 
67;;176 
68;;642 
69;;1586 
70;;1714 
71;;1740 1895 
72;;329 
73;;1007 2088 
74;;1623 
75;;310 319 361 446 628 1021 1598 
76;;78 
77;;1350 1550 1926 
78;;663 1567 
79;;307 
80;;1772 
81;;821 
82;;493 741 
83;;960 1486 
84;;881 
85;;1239 1710 
86;;1439 
87;;572 
88;;36 
89;;362 
90;;33 
91;;632 
92;;789 1708 
93;;65 846 
94;;1002 
95;;426 
96;;18 
97;;1356 1446 
98;;809 1000 
99;;166 847 892 
100;;601 1017 1658 
101;;961 1770 
102;;1531 
103;;134 449 
104;;1666 
105;;895 
106;;1292 
107;;1327 
108;;1728 
109;;3 1779 
110;;1579 1694 
111;;872 
112;;1066 
113;;1255 
114;;1589 1663 
115;;588 
116;;37 1128 
117;;66 205 889 1544 
118;;45 1257 
119;;1209 1821 
120;;1424 
121;;486 582 
122;;499 2003 
123;;267 
124;;1292 
125;;13 
126;;958 
127;;436 
128;;55 435 
129;;13 
130;;370 762 
131;;2015 
132;;1368 
133;;1157 
134;;1157 
135;;1432 
136;;2045 
137;;295 1207 2083 1959 
138;;739 1095 
139;;1258 
140;;603 
141;;48 
142;;345 
143;;123 197 277 
144;;517 1848 
145;;680 
146;;109 
147;;114 605 1396 
148;;274 456 784 1305 
149;;95 
150;;883 
151;;371 1577 1961 
152;;1794 2017 
153;;1524 
154;;125 874 
155;;964 1446 
156;;1677 
157;;2018 2042 
158;;517 1848 
159;;904 1358 1475 
160;;1018 
161;;196 
162;;1063 
163;;792 
164;;1848 
165;;210 
166;;536 
167;;719 
168;;1458 
169;;1613 
170;;1006 1706 
171;;110 125 
172;;561 
173;;6 
174;;916 1954 
175;;687 1836 
176;;231 
177;;1220 1610 1773 
178;;469 1068 1796 
179;;541 709 1393 
180;;461 1964 
181;;314 
182;;549 
183;;549 
184;;217 832 1135 
185;;1483 
186;;983 1084 
187;;935 
188;;1869 
189;;502 
190;;12 255 
191;;1104 1503 
192;;436 
193;;148 
194;;1130 1642 
195;;1853 
196;;274 354 444 456 1287 1888 
197;;309 
198;;580 839 
199;;1593 1638 
200;;1368 
201;;2011 
202;;1434 
203;;1601 
204;;1053 1795 
205;;36 
206;;1343 
207;;202 417 1737 
208;;960 
209;;1242 1714 
210;;
211;;1200 1718 
212;;329 2023 
213;;1756 
214;;289 
215;;1428 
216;;1356 1446 
217;;10 2064 
218;;1797 
219;;434 1812 
220;;1507 
221;;1800 
222;;147 1019 
223;;223 
224;;1200 1861 1884 
225;;8 1291 
226;;234 
227;;384 1077 1093 
228;;1156 1520 
229;;1980 
230;;1332 
231;;509 1225 
232;;1552 1673 1838 
233;;467 824 
234;;1623 
235;;177 385 588 1468 
236;;300 1510 1737 
237;;413 674 
238;;988 
239;;1581 
240;;620 1051 1455 1927 
241;;931 1647 
242;;591 1008 
243;;1618 1712 600 
244;;409 
245;;641 
246;;349 568 
247;;1281 
248;;1009 
249;;236 752 1188 1389 
250;;1331 1704 1725 
251;;64 181 222 
252;;216 1432 1451 1946 
253;;1249 1649 
254;;1095 1810 
255;;202 
256;;124 412 795 
257;;1281 
258;;391 993 
259;;949 
260;;1018 
261;;239 
262;;713 1077 
263;;533 
264;;1477 
265;;515 
266;;1791 
267;;788 
268;;50 908 1604 1773 
269;;440 969 
270;;167 1102 
271;;520 791 
272;;789 
273;;1887 
274;;170 1584 
275;;1698 2057 
276;;290 1093 
277;;1912 
278;;1775 
279;;107 
280;;717 832 
281;;1028 1570 
282;;696 1167 
283;;225 
284;;1887 
285;;1047 
286;;1069 1921 
287;;536 833 1676 
288;;1772 
289;;317 
290;;1716 
291;;135 898 
292;;1316 
293;;410 
294;;1211 
295;;552 
296;;728 
297;;2037 
298;;1294 1722 
299;;2028 
300;;545 
301;;26 1256 1610 
302;;297 
303;;757 1610 
304;;614 
305;;903 
306;;28 1305 1972 
307;;1018 
308;;1416 
309;;671 
310;;1368 
311;;800 829 1764 
312;;466 
313;;1298 
314;;1722 
315;;1274 
316;;288 
317;;1194 
318;;1194 
319;;484 1479 
320;;659 1582 
321;;1112 
322;;1351 1369 
323;;513 
324;;1714 
325;;443 667 825 1024 1103 1118 
326;;497 1319 2084 
327;;231 
328;;675 
329;;378 1541 1593 
330;;38 44 1072 1147 1275 
331;;228 477 717 
332;;37 
333;;832 1405 
334;;464 1554 
335;;373 1610 
336;;1018 
337;;1259 1383 1964 
338;;2072 
339;;665 2053 
340;;388 
341;;422 
342;;765 
343;;422 
344;;653 1904 
345;;305 1467 
346;;1240 
347;;1090 1937 
348;;1281 1328 
349;;225 
350;;1332 
351;;456 575 1181 1305 1334 
352;;656 1325 1435 1614 
353;;1571 
354;;1130 1642 
355;;82 1214 1640 1673 1898 
356;;870 
357;;1351 1480 
358;;909 
359;;677 1456 
360;;2014 
361;;704 
362;;1881 
363;;808 1545 
364;;1632 
365;;1491 
366;;563 
367;;55 1290 
368;;1170 
369;;183 226 426 
370;;907 1670 
371;;333 1933 
372;;900 1787 
373;;1427 
374;;681 683 
375;;1410 
376;;1601 
377;;447 
378;;436 
379;;724 733 
380;;744 
381;;84 720 
382;;1179 
383;;1235 1541 
384;;674 
385;;312 823 
386;;343 
387;;725 812 1986 
388;;2085 
389;;102 1148 1386 
390;;580 749 1252 
391;;624 649 
392;;1825 2022 
393;;280 
394;;604 679 
395;;1729 
396;;1492 
397;;1257 1558 
398;;473 742 1894 
399;;1010 
400;;8 1016 
401;;903 
402;;405 
403;;104 152 419 482 944 1882 
404;;88 
405;;598 627 991 
406;;1095 2014 
407;;59 883 
408;;915 
409;;770 
410;;1591 1657 
411;;1183 
412;;129 
413;;1546 1577 
414;;1804 
415;;1642 
416;;529 1744 
417;;106 
418;;539 1642 
419;;1642 
420;;150 
421;;1257 
422;;1587 
423;;1256 
424;;1176 1183 1657 
425;;409 
426;;653 
427;;1281 
428;;1146 1446 
429;;694 837 1435 1481 1668 
430;;722 1199 1839 
431;;102 1148 1386 
432;;1581 
433;;935 997 1476 
434;;422 
435;;1690 1729 
436;;820 1663 
437;;212 407 453 1303 1801 
438;;842 
439;;70 145 180 1774 
440;;653 
441;;1256 
442;;201 1119 1678 
443;;2074 
444;;948 
445;;639 1371 
446;;1230 1759 
447;;63 1070 
448;;287 1012 
449;;327 
450;;13 
451;;13 
452;;331 1723 
453;;317 
454;;648 1266 
455;;883 
456;;704 
457;;1610 
458;;2073 
459;;1094 
460;;311 
461;;1793 
462;;1127 1748 
463;;1233 2005 
464;;312 389 
465;;243 
466;;1687 1970 
467;;1432 1641 
468;;390 1231 1362 
469;;514 1857 
470;;566 838 1096 
471;;566 838 
472;;236 752 1389 
473;;430 1414 
474;;1312 
475;;285 1476 
476;;632 
477;;260 660 876 
478;;878 
479;;1601 
480;;1642 
481;;13 449 
482;;510 
483;;13 449 
484;;207 542 1100 1211 
485;;999 1015 1359 1517 
486;;269 
487;;1432 
488;;1432 
489;;265 1432 
490;;1092 
491;;1610 
492;;1297 1764 
493;;313 1039 
494;;326 1177 
495;;635 
496;;1717 
497;;865 1120 1568 1612 1729 
498;;743 1446 
499;;919 1130 1605 
500;;742 1130 
501;;1022 1510 1743 
502;;227 275 812 880 1357 1626 
503;;118 1222 1501 1527 
504;;574 911 1211 1346 1907 
505;;242 1129 1211 1346 1760 
506;;
507;;105 925 1386 
508;;801 2077 
509;;1281 
510;;1172 1305 
511;;2030 
512;;1165 2030 
513;;654 
514;;1717 
515;;427 
516;;955 1468 
517;;688 1973 
518;;397 
519;;1474 
520;;31 244 680 
521;;1772 
522;;965 
523;;527 735 924 
524;;1283 1432 
525;;1217 1355 
526;;769 
527;;543 769 
528;;825 
529;;13 
530;;1788 
531;;143 
532;;257 570 583 
533;;39 
534;;374 1254 1305 
535;;651 
536;;873 
537;;786 1433 
538;;607 
539;;487 1217 
540;;1599 1600 
541;;592 
542;;1198 
543;;1132 1747 1781 
544;;303 1163 1192 
545;;1623 
546;;1663 
547;;992 1579 
548;;2081 1579 1829 
549;;856 1117 
550;;550 691 
551;;1620 
552;;91 182 
553;;1173 1174 1365 1548 
554;;103 1055 1751 
555;;1310 1689 
556;;1310 1689 
557;;623 
558;;2050 
559;;289 
560;;136 1100 1211 1648 1844 
561;;1028 
562;;996 1948 2062 
563;;1629 
564;;794 819 1939 
565;;257 463 812 1004 1011 1391 2080 
566;;449 1860 
567;;405 
568;;1025 1585 
569;;352 353 1709 
570;;2049 
571;;219 
572;;1430 
573;;458 1653 
574;;1334 
575;;664 
576;;281 836 1195 1403 1913 
577;;84 
578;;895 
579;;244 534 680 
580;;747 
581;;1007 1713 2088 
582;;608 
583;;843 973 1237 
584;;1866 
585;;906 1911 
586;;443 
587;;1996 2012 
588;;1418 
589;;235 457 
590;;919 1168 1394 
591;;1449 
592;;742 1130 
593;;1512 
594;;236 258 987 1816 
595;;606 1610 
596;;562 
597;;329 
598;;1716 
599;;652 
600;;120 1467 1661 
601;;1190 
602;;1643 
603;;84 
604;;926 1406 1806 
605;;24 25 86 
606;;441 
607;;1947 
608;;1256 
609;;331 
610;;682 1350 
611;;1306 
612;;1306 
613;;744 
614;;112 
615;;770 1610 
616;;1587 
617;;492 
618;;476 717 1889 
619;;556 926 
620;;97 1652 
621;;937 
622;;1211 1382 1519 
623;;237 1385 
624;;8 1016 
625;;2021 
626;;1879 
627;;1871 
628;;1499 
629;;250 
630;;329 
631;;1142 
632;;787 
633;;1610 
634;;717 832 
635;;45 979 
636;;394 1272 1848 
637;;334 2001 2046 
638;;372 449 
639;;79 80 
640;;1563 1840 
641;;1232 1377 1380 
642;;1232 1377 1380 
643;;1232 1377 1380 
644;;1244 1336 
645;;925 1386 
646;;105 
647;;369 1775 
648;;636 
649;;1775 
650;;449 535 
651;;475 612 
652;;170 
653;;495 
654;;396 1553 
655;;2060 
656;;162 1479 
657;;644 1831 
658;;393 554 1095 1786 
659;;832 
660;;6 604 679 
661;;1133 
662;;289 
663;;289 
664;;289 
665;;289 
666;;432 1935 
667;;681 
668;;1429 1843 
669;;1472 
670;;215 
671;;1194 
672;;1194 
673;;660 748 930 
674;;1945 
675;;1198 
676;;1226 
677;;362 
678;;1344 1852 
679;;1194 
680;;491 
681;;371 1013 1577 
682;;1439 
683;;486 1878 
684;;864 
685;;677 1456 
686;;632 1822 1858 
687;;1818 
688;;888 
689;;1311 
690;;1623 
691;;507 1056 1755 1905 
692;;1156 
693;;307 
694;;1256 1783 
695;;125 193 
696;;859 
697;;1093 
698;;1279 
699;;863 1029 
700;;2069 1002 
701;;589 1002 
702;;186 1713 
703;;339 
704;;416 951 
705;;1311 
706;;156 490 496 1174 1211 1837 1859 1953 
707;;1787 
708;;141 1209 
709;;1257 
710;;1141 
711;;1081 
712;;332 1098 1211 1628 
713;;1124 
714;;397 404 1864 
715;;1292 
716;;1505 
717;;449 
718;;13 
719;;949 
720;;923 
721;;479 942 1324 
722;;604 1833 
723;;1417 
724;;239 1835 
725;;285 997 1476 
726;;97 
727;;17 138 
728;;1624 
729;;1855 
730;;964 1446 1590 
731;;491 
732;;1078 1577 
733;;832 
734;;784 1808 
735;;764 774 
736;;175 580 1252 
737;;946 
738;;946 
739;;344 746 1364 1815 
740;;344 746 1815 1914 
741;;746 1815 
742;;929 1162 
743;;1162 1823 
744;;1729 
745;;184 1627 1686 
746;;46 
747;;1219 1268 1270 
748;;1219 1270 
749;;1603 1757 
750;;521 
751;;45 943 
752;;73 1515 
753;;215 
754;;1762 
755;;1281 
756;;1817 
757;;506 
758;;619 1574 2010 
759;;1300 
760;;1899 
761;;897 1237 
762;;2008 
763;;271 650 1588 
764;;271 1588 
765;;1394 1809 
766;;1446 
767;;133 276 336 887 1247 1250 1372 1460 1566 1597 1910 
768;;1278 1502 
769;;236 348 
770;;33 1619 
771;;329 
772;;583 1076 
773;;884 
774;;45 1446 
775;;580 1169 1252 
776;;409 813 
777;;753 828 
778;;609 799 1219 
779;;1219 1268 
780;;456 1002 1305 
781;;780 
782;;854 
783;;1767 
784;;225 428 2052 
785;;252 
786;;1763 1942 
787;;629 1862 
788;;164 1581 
789;;757 1523 1610 
790;;332 1098 1211 1628 
791;;709 1020 
792;;935 1041 
793;;1932 2019 
794;;1009 
795;;905 
796;;1376 1415 
797;;40 
798;;1989 1990 
799;;149 203 
800;;1513 
801;;356 
802;;1410 1593 
803;;312 1028 
804;;438 
805;;2063 
806;;1240 
807;;112 1641 
808;;697 1061 
809;;402 
810;;1663 
811;;443 
812;;770 
813;;825 
814;;1953 
815;;1601 
816;;1601 
817;;1601 
818;;397 726 1228 1569 
819;;787 
820;;1297 
821;;259 1130 
822;;652 
823;;1281 1311 
824;;580 1576 
825;;1095 1432 
826;;553 
827;;1302 
828;;1302 
829;;1629 1631 
830;;1587 
831;;333 442 
832;;2063 
833;;803 2072 
834;;1093 
835;;1726 
836;;1356 1446 
837;;456 1659 
838;;297 
839;;434 1437 
840;;99 500 1079 1178 1503 1854 
841;;12 254 
842;;718 1323 
843;;1392 1577 
844;;1596 
845;;1623 
846;;323 1189 
847;;994 
848;;1400 
849;;1373 1940 
850;;1049 
851;;1987 
852;;753 1122 1752 
853;;1281 
854;;172 644 1951 
855;;13 
856;;141 144 
857;;163 1373 1522 
858;;1611 
859;;200 201 1750 1915 
860;;660 701 1105 2058 
861;;135 777 1602 
862;;117 690 
863;;835 2076 
864;;307 1578 
865;;307 1578 
866;;826 1662 2020 
867;;457 2025 
868;;913 
869;;1140 1384 1975 
870;;771 1749 
871;;1459 
872;;1506 
873;;1030 
874;;952 1531 2002 
875;;1095 1776 
876;;1223 1782 
877;;673 
878;;1524 1963 
879;;1197 
880;;1002 1941 
881;;360 
882;;1818 
883;;883 
884;;613 773 
885;;836 
886;;1465 
887;;712 1150 1667 1813 
888;;395 1452 
889;;438 2032 
890;;886 1200 1508 
891;;196 1840 
892;;1865 
893;;264 1539 1618 
894;;1057 
895;;1034 
896;;255 760 
897;;1435 
898;;307 1578 
899;;1216 
900;;77 587 
901;;489 1212 1962 
902;;366 
903;;1347 1769 
904;;1152 
905;;397 1164 
906;;893 893 
907;;87 353 1634 
908;;231 
909;;231 
910;;1371 1622 
911;;753 
912;;1664 
913;;320 700 928 1367 1902 
914;;1194 
915;;1028 
916;;538 
917;;120 914 1399 
918;;796 
919;;154 
920;;148 1140 1311 
921;;1234 
922;;333 1933 
923;;1411 1412 1800 
924;;1593 
925;;2065 
926;;719 
927;;1361 
928;;1361 
929;;356 
930;;343 
931;;34 1511 1956 
932;;9 1695 1992 
933;;162 1479 
934;;547 
935;;909 1249 
936;;131 926 1320 
937;;84 
938;;854 
939;;1766 
940;;1587 
941;;400 1610 
942;;317 
943;;122 1478 
944;;84 
945;;22 745 
946;;589 
947;;1610 
948;;1532 
949;;192 439 1236 
950;;1811 
951;;7 1018 
952;;1671 
953;;1625 1720 
954;;1198 
955;;1198 
956;;521 
957;;1971 
958;;28 1305 
959;;631 1753 
960;;1531 
961;;1812 
962;;36 590 1680 
963;;959 1700 
964;;547 
965;;576 
966;;858 1374 
967;;1339 1922 2087 
968;;962 
969;;643 842 1922 
970;;266 547 1184 
971;;1347 1985 
972;;478 
973;;478 
974;;729 736 
975;;1792 1795 
976;;478 
977;;1043 
978;;79 
979;;565 
980;;544 
981;;322 397 
982;;40 2028 
983;;289 
984;;379 625 
985;;1610 
986;;53 1443 
987;;1062 
988;;1827 1999 
989;;524 
990;;225 2052 
991;;703 1963 
992;;1266 2082 1876 
993;;2045 
994;;62 1556 
995;;1812 1893 
996;;1529 1812 
997;;884 
998;;351 
999;;425 
1000;;852 
1001;;1440 1441 
1002;;2054 2056 
1003;;1321 
1004;;1018 
1005;;67 231 841 1547 
1006;;368 530 731 1211 1346 1633 1738 1900 
1007;;96 
1008;;884 
1009;;330 331 
1010;;308 1998 
1011;;1446 
1012;;69 119 248 485 494 717 1768 1977 
1013;;686 
1014;;13 
1015;;689 1337 
1016;;884 1702 
1017;;1388 2040 
1018;;1152 
1019;;868 1874 
1020;;1450 1848 
1021;;45 1446 
1022;;15 
1023;;936 
1024;;960 
1025;;601 1083 1139 
1026;;1487 1707 1997 
1027;;2069 1215 
1028;;1769 
1029;;1601 
1030;;61 122 302 
1031;;321 2059 
1032;;803 1241 1342 
1033;;1018 
1034;;1018 
1035;;231 841 1426 
1036;;1352 
1037;;1138 
1038;;501 
1039;;308 
1040;;1067 1649 
1041;;977 977 977 1572 
1042;;129 1696 
1043;;1194 
1044;;1354 
1045;;516 1182 
1046;;1204 1467 1917 
1047;;13 
1048;;866 
1049;;172 644 1951 
1050;;782 
1051;;43 263 277 
1052;;346 714 
1053;;1789 1937 
1054;;1026 1787 
1055;;238 599 680 869 1521 1824 1867 2007 
1056;;1715 
1057;;13 
1058;;30 586 680 
1059;;1165 
1060;;1128 
1061;;1023 1516 
1062;;167 1965 
1063;;83 
1064;;191 
1065;;919 
1066;;597 705 
1067;;1869 
1068;;1909 1978 
1069;;312 547 
1070;;522 723 
1071;;1517 1688 
1072;;855 
1073;;806 1636 
1074;;1848 
1075;;517 1848 
1076;;355 1705 
1077;;261 
1078;;953 1679 
1079;;26 1256 
1080;;1514 
1081;;617 919 2036 
1082;;386 755 791 1251 
1083;;769 
1084;;498 1110 1786 
1085;;884 
1086;;1194 
1087;;1570 
1088;;1805 2026 
1089;;1432 1641 
1090;;1813 
1091;;2034 
1092;;296 803 
1093;;112 
1094;;522 
1095;;1570 
1096;;1696 
1097;;1639 
1098;;85 899 
1099;;510 
1100;;980 
1101;;1920 
1102;;1281 1311 
1103;;1843 
1104;;975 982 1432 
1105;;1390 1955 
1106;;620 778 1583 1812 
1107;;322 1379 1812 
1108;;13 
1109;;670 785 1095 
1110;;1784 
1111;;854 
1112;;1018 
1113;;807 1828 
1114;;360 
1115;;1099 1827 2018 
1116;;967 1701 
1117;;1890 
1118;;967 1046 1701 
1119;;414 
1120;;418 1095 
1121;;815 2027 
1122;;855 1747 
1123;;1429 1758 1843 
1124;;974 
1125;;282 640 
1126;;1035 1038 1071 1108 
1127;;515 
1128;;88 
1129;;1080 2025 
1130;;550 1115 
1131;;1446 
1132;;226 776 1229 1774 
1133;;1086 1095 
1134;;1638 
1135;;1293 
1136;;1355 1701 
1137;;1232 1377 1380 
1138;;936 
1139;;842 
1140;;1675 
1141;;472 691 1536 
1142;;927 1378 
1143;;1245 
1144;;1311 
1145;;620 637 
1146;;1583 
1147;;2033 
1148;;42 123 732 1609 
1149;;1243 
1150;;1240 
1151;;88 
1152;;431 2018 
1153;;387 1050 1729 
1154;;41 474 1095 
1155;;1795 2055 
1156;;567 1111 
1157;;1166 
1158;;1040 2035 
1159;;751 1901 2059 
1160;;798 1988 
1161;;1618 2029 
1162;;439 
1163;;676 
1164;;130 972 1848 
1165;;1848 
1166;;1747 
1167;;1074 1281 
1168;;299 
1169;;139 1845 
1170;;1575 
1171;;332 
1172;;1637 
1173;;1249 1649 
1174;;2063 
1175;;1154 
1176;;318 
1177;;1044 1794 
1178;;1886 
1179;;2069 
1180;;1848 
1181;;917 1201 
1182;;1271 1814 
1183;;1869 
1184;;36 
1185;;237 
1186;;2014 
1187;;1018 
1188;;408 
1189;;162 1479 
1190;;76 
1191;;638 
1192;;525 1444 
1193;;551 
1194;;1980 
1195;;231 595 
1196;;1869 
1197;;1396 
1198;;465 
1199;;1608 
1200;;190 1656 
1201;;702 1171 1540 
1202;;70 180 187 1774 
1203;;340 
1204;;380 1143 
1205;;1425 
1206;;1853 
1207;;1065 
1208;;112 
1209;;1289 
1210;;711 717 832 
1211;;848 
1212;;377 531 
1213;;586 1457 
1214;;645 
1215;;1355 1848 
1216;;1007 
1217;;1952 
1218;;1065 
1219;;559 781 2018 
1220;;194 483 
1221;;1101 2018 
1222;;2009 
1223;;418 462 462 
1224;;1397 
1225;;940 1028 
1226;;1846 
1227;;1987 
1228;;365 1736 
1229;;652 
1230;;719 
1231;;636 
1232;;719 
1233;;410 
1234;;1047 
1235;;1564 
1236;;843 1237 
1237;;1856 
1238;;1868 
1239;;998 1492 
1240;;1134 1466 1493 
1241;;1848 
1242;;1848 
1243;;680 
1244;;195 
1245;;793 1682 
1246;;615 
1247;;468 1049 
1248;;1156 
1249;;11 1711 
1250;;29 
1251;;602 1095 1745 
1252;;569 832 
1253;;301 
1254;;717 832 
1255;;1560 1561 
1256;;647 
1257;;1886 
1258;;1248 
1259;;47 
1260;;1018 
1261;;1018 
1262;;1355 1438 1724 
1263;;451 797 1402 
1264;;13 
1265;;159 
1266;;1756 
1267;;935 1095 1778 
1268;;517 1848 
1269;;884 
1270;;581 1470 
1271;;1840 
1272;;101 1095 
1273;;497 
1274;;1006 
1275;;21 1780 
1276;;1106 1177 1497 1936 
1277;;1153 
1278;;510 
1279;;854 
1280;;620 1387 
1281;;1018 
1282;;1896 
1283;;35 
1284;;1325 
1285;;615 
1286;;299 515 
1287;;265 1432 
1288;;941 
1289;;1065 
1290;;1095 1432 
1291;;1589 
1292;;895 
1293;;337 1042 
1294;;272 392 
1295;;606 783 
1296;;2028 
1297;;198 700 921 1121 
1298;;36 
1299;;1654 
1300;;918 1562 
1301;;1727 
1302;;584 
1303;;767 935 
1304;;131 926 
1305;;1919 
1306;;851 
1307;;367 
1308;;596 1592 1949 
1309;;693 1007 
1310;;168 1903 2028 
1311;;2028 
1312;;488 1848 
1313;;488 1848 
1314;;522 1735 
1315;;1027 
1316;;303 695 1163 1192 
1317;;2059 
1318;;530 1088 1211 1346 
1319;;112 1140 
1320;;316 
1321;;49 245 378 
1322;;274 456 784 1305 
1323;;433 
1324;;956 1557 
1325;;1181 1305 
1326;;772 
1327;;1731 
1328;;1522 1638 1967 
1329;;1564 
1330;;666 
1331;;1429 
1332;;55 1660 
1333;;1534 
1334;;1642 
1335;;1737 
1336;;1446 
1337;;1060 
1338;;1446 
1339;;778 1130 1621 
1340;;1205 
1341;;221 
1342;;328 934 1657 
1343;;753 
1344;;93 
1345;;115 
1346;;169 
1347;;1368 
1348;;1448 
1349;;125 1317 
1350;;179 1488 
1351;;1562 
1352;;737 
1353;;1305 1655 
1354;;1212 
1355;;471 730 1305 1362 
1356;;589 
1357;;684 995 1922 
1358;;1308 
1359;;137 
1360;;977 977 977 
1361;;481 532 1543 
1362;;1429 
1363;;253 1925 2040 
1364;;148 
1365;;950 1700 
1366;;1601 
1367;;1160 
1368;;470 
1369;;1421 
1370;;188 1482 
1371;;727 1002 
1372;;155 1282 
1373;;1281 
1374;;231 
1375;;768 1489 1538 
1376;;1742 
1377;;1672 
1378;;919 1490 
1379;;371 1577 
1380;;707 
1381;;774 
1382;;246 338 
1383;;83 669 1058 1143 1313 1785 2013 
1384;;124 412 795 
1385;;91 508 
1386;;215 
1387;;2 116 283 1260 
1388;;784 1741 
1389;;448 976 
1390;;1288 
1391;;816 1676 
1392;;251 
1393;;466 
1394;;461 1261 1383 1964 
1395;;1383 1964 
1396;;1765 
1397;;1537 
1398;;803 
1399;;1001 
1400;;15 167 1401 1890 
1401;;112 1095 
1402;;915 
1403;;766 922 1473 
1404;;256 
1405;;935 
1406;;739 1082 
1407;;1183 1772 
1408;;566 
1409;;753 1423 
1410;;1906 
1411;;107 
1412;;111 
1413;;1298 
1414;;715 
1415;;968 
1416;;98 160 
1417;;1681 
1418;;1429 1432 
1419;;618 2048 
1420;;577 1968 
1421;;744 
1422;;832 1700 
1423;;382 
1424;;1504 
1425;;454 
1426;;1049 2040 
1427;;289 
1428;;830 1375 
1429;;1653 
1430;;1623 
1431;;681 
1432;;1623 
1433;;411 
1434;;171 
1435;;1187 1805 1956 2026 
1436;;970 1370 1551 
1437;;989 1610 
1438;;64 181 222 
1439;;1906 
1440;;384 684 1077 1093 
1441;;147 2025 
1442;;919 1490 1824 
1443;;1490 1824 
1444;;919 
1445;;342 
1446;;1091 1329 
1447;;141 1333 
1448;;1987 
1449;;588 
1450;;1348 2038 
1451;;94 1193 1498 1623 
1452;;841 1457 
1453;;158 912 956 1790 1803 2013 
1454;;2066 1126 1210 1485 1938 2061 
1455;;60 511 710 1309 1938 2013 
1456;;841 1286 1457 
1457;;814 1886 
1458;;270 753 1752 
1459;;1340 
1460;;1562 
1461;;414 
1462;;1430 
1463;;135 519 1484 
1464;;968 1469 
1465;;894 990 
1466;;1696 
1467;;147 
1468;;1642 
1469;;1642 
1470;;1149 
1471;;363 564 
1472;;13 
1473;;658 1186 1431 1565 
1474;;456 1002 1212 1305 1491 
1475;;883 
1476;;853 997 1669 
1477;;1113 1702 
1478;;1183 
1479;;153 
1480;;1606 
1481;;774 1305 
1482;;634 1159 1931 
1483;;397 1164 1245 
1484;;364 757 1463 
1485;;1549 
1486;;630 885 
1487;;1330 
1488;;233 
1489;;546 620 1387 1924 2051 
1490;;1432 
1491;;844 1304 1827 
1492;;818 
1493;;418 462 1883 
1494;;86 461 1259 1383 1964 
1495;;20 540 1445 
1496;;480 
1497;;933 
1498;;1616 
1499;;25 891 
1500;;24 27 
1501;;24 
1502;;1274 1863 
1503;;364 985 2004 
1504;;2004 
1505;;13 449 
1506;;174 709 1311 
1507;;1615 
1508;;2075 1559 1974 
1509;;38 
1510;;1123 1219 
1511;;503 1130 
1512;;515 890 
1513;;48 259 1315 1800 
1514;;286 674 
1515;;225 1850 
1516;;1246 1422 
1517;;740 
1518;;279 1296 1702 
1519;;716 1299 
1520;;1905 
1521;;71 900 
1522;;523 569 850 
1523;;100 1089 1503 
1524;;63 2025 
1525;;
1526;;1345 1777 
1527;;945 
1528;;1286 1618 
1529;;55 161 401 
1530;;883 
1531;;231 595 
1532;;2014 
1533;;332 
1534;;51 
1535;;298 754 1341 
1536;;660 1059 1105 1844 
1537;;1865 
1538;;1646 1976 
1539;;2071 1097 
1540;;699 
1541;;289 
1542;;832 1957 
1543;;593 717 
1544;;657 
1545;;1202 1334 
1546;;1048 1454 1929 1930 2086 
1547;;1685 
1548;;1740 
1549;;1131 
1550;;320 700 742 760 
1551;;753 
1552;;353 1634 
1553;;1969 
1554;;1653 
1555;;471 
1556;;185 734 840 
1557;;455 
1558;;1447 
1559;;1257 
1560;;1 205 889 
1561;;882 1610 1873 
1562;;935 
1563;;779 1107 
1564;;1266 2082 1875 
1565;;871 1721 
1566;;1479 
1567;;2016 
1568;;329 
1569;;225 1095 1641 
1570;;141 2068 
1571;;1775 
1572;;769 
1573;;0 1645 
1574;;45 1265 
1575;;703 1963 
1576;;821 
1577;;383 990 1516 
1578;;753 1752 
1579;;15 
1580;;1264 1363 
1581;;811 1582 
1582;;1183 
1583;;1772 
1584;;1213 
1585;;753 1014 
1586;;1524 1963 
1587;;293 
1588;;167 
1589;;1180 
1590;;1697 
1591;;678 
1592;;1840 
1593;;558 2044 
1594;;1928 2044 
1595;;32 203 
1596;;1036 1947 1950 
1597;;1073 
1598;;1453 
1599;;1417 
1600;;900 
1601;;685 
1602;;54 1211 1442 1847 
1603;;770 
1604;;774 775 
1605;;449 1832 
1606;;474 1398 
1607;;1007 2088 
1608;;89 1151 1541 
1609;;761 
1610;;1912 
1611;;209 883 
1612;;218 1897 
1613;;920 
1614;;232 1158 
1615;;949 
1616;;15 512 1137 1694 
1617;;420 450 
1618;;278 360 1877 
1619;;753 1752 
1620;;72 154 1148 1386 
1621;;1518 
1622;;1547 
1623;;586 841 1457 
1624;;544 
1625;;4 284 548 
1626;;417 
1627;;774 1842 
1628;;573 
1629;;157 427 957 
1630;;661 1528 
1631;;341 353 
1632;;90 378 
1633;;108 225 1641 
1634;;353 1634 
1635;;353 1415 
1636;;860 
1637;;465 1934 
1638;;504 
1639;;893 893 1734 2000 
1640;;324 
1641;;810 984 
1642;;1740 1834 1916 
1643;;604 
1644;;571 717 1977 
1645;;763 1221 
1646;;1446 
1647;;1983 
1648;;1718 
1649;;1366 1849 
1650;;378 
1651;;1041 
1652;;1800 
1653;;459 685 857 1617 
1654;;1409 
1655;;646 817 
1656;;2025 
1657;;2025 
1658;;555 
1659;;234 
1660;;555 
1661;;112 1429 1432 
1662;;1880 
1663;;1672 
1664;;232 1158 
1665;;1280 
1666;;1995 2025 
1667;;1224 
1668;;240 770 
1669;;2078 1464 
1670;;257 406 429 528 2070 812 
1671;;1419 
1672;;1249 1649 
1673;;1281 
1674;;1446 
1675;;1285 
1676;;1799 
1677;;1109 1209 
1678;;141 1209 
1679;;141 1209 
1680;;1085 1746 
1681;;1018 1139 
1682;;1203 1607 
1683;;151 505 1595 
1684;;1109 1209 
1685;;1085 1746 
1686;;499 1033 2003 
1687;;110 125 
1688;;622 1144 1350 1508 
1689;;877 1468 
1690;;23 437 752 
1691;;2031 
1692;;1200 1718 1884 
1693;;213 1292 
1694;;1129 1161 2024 
1695;;306 782 1206 
1696;;1277 
1697;;74 692 
1698;;1211 1395 1719 1872 
1699;;548 830 
1700;;1078 1208 
1701;;1447 
1702;;1601 
1703;;449 1681 
1704;;884 1702 
1705;;1516 1533 1569 
1706;;1800 
1707;;1095 1338 
1708;;526 
1709;;1273 1802 1827 
1710;;1217 1355 
1711;;1535 
1712;;578 867 1870 
1713;;306 782 1206 
1714;;1693 
1715;;1321 
1716;;938 
1717;;208 
1718;;706 
1719;;445 1413 
1720;;55 
1721;;1530 2006 
1722;;1396 1820 1954 
1723;;1594 
1724;;315 1546 
1725;;1326 1435 
1726;;1703 
1727;;236 
1728;;241 560 575 655 1808 
1729;;189 784 1305 
1730;;1644 
1731;;782 
1732;;1092 
1733;;966 1761 
1734;;415 
1735;;376 
1736;;1982 
1737;;96 1541 
1738;;1446 
1739;;954 
1740;;19 1650 
1741;;418 462 1335 
1742;;347 1415 
1743;;1407 1415 1891 
1744;;359 611 660 
1745;;620 1924 
1746;;996 1948 
1747;;300 1468 1510 1944 
1748;;143 756 
1749;;1212 1305 1334 
1750;;557 1318 
1751;;2044 
1752;;230 
1753;;750 1404 
1754;;331 
1755;;1649 
1756;;510 
1757;;85 899 
1758;;985 
1759;;125 1573 
1760;;585 1095 
1761;;902 
1762;;146 273 357 375 672 1691 1841 1937 
1763;;790 1276 
1764;;698 1952 
1765;;1591 1657 
1766;;12 255 
1767;;589 
1768;;127 224 1771 
1769;;1054 1993 
1770;;350 802 2088 
1771;;1732 
1772;;1085 1746 
1773;;1420 1698 
1774;;1906 
1775;;1254 1305 
1776;;1742 
1777;;143 
1778;;589 939 
1779;;56 801 
1780;;1262 
1781;;5 
1782;;1843 
1783;;1535 
1784;;146 537 1653 
1785;;140 206 1263 
1786;;128 
1787;;1136 
1788;;417 
1789;;758 
1790;;787 1236 
1791;;417 
1792;;690 1918 2047 
1793;;594 
1794;;432 1349 
1795;;417 
1796;;1191 
1797;;398 738 1976 
1798;;875 1314 
1799;;1525 1825 
1800;;2025 
1801;;332 
1802;;1238 1674 
1803;;548 830 
1804;;1145 1500 
1805;;1972 
1806;;1651 
1807;;225 670 785 1032 1095 1827 
1808;;1850 
1809;;1471 
1810;;1095 
1811;;1461 1554 
1812;;1311 
1813;;784 1305 
1814;;805 
1815;;173 
1816;;662 1975 
1817;;1642 
1818;;1642 
1819;;154 1655 
1820;;1638 1699 
1821;;16 1494 
1822;;497 
1823;;113 626 
1824;;285 294 325 
1825;;541 709 
1826;;391 849 
1827;;241 560 1807 
1828;;312 547 
1829;;621 946 
1830;;292 1155 1196 1851 
1831;;75 1483 
1832;;229 257 812 910 1076 1496 
1833;;178 589 
1834;;1381 1590 
1835;;247 
1836;;616 1185 1526 
1837;;893 893 1115 1613 1967 
1838;;529 1744 
1839;;821 
1840;;1665 1666 
1841;;2079 1635 
1842;;231 1226 
1843;;1984 
1844;;45 979 
1845;;721 1733 
1846;;821 
1847;;15 
1848;;329 
1849;;125 199 
1850;;1436 
1851;;58 121 
1852;;1446 
1853;;633 1966 
1854;;43 277 424 1125 1885 
1855;;954 1738 
1856;;92 381 981 1037 
1857;;1213 1218 
1858;;1623 1730 
1859;;759 
1860;;1542 
1861;;879 
1862;;433 
1863;;150 1291 1642 
1864;;947 1408 
1865;;214 421 1346 1613 
1866;;1240 1840 
1867;;652 
1868;;937 1087 
1869;;335 680 
1870;;1284 
1871;;1826 
1872;;101 164 
1873;;67 
1874;;1826 
1875;;48 259 1227 
1876;;68 268 708 834 932 1908 
1877;;1429 
1878;;81 1516 1623 
1879;;901 1495 
1880;;344 1943 
1881;;1322 
1882;;1601 
1883;;827 1684 1958 1960 
1884;;358 
1885;;36 126 
1886;;1305 1334 
1887;;1601 
1888;;262 
1889;;1116 1307 1517 
1890;;14 
1891;;341 
1892;;236 1739 2039 
1893;;819 1819 
1894;;1045 2043 
1895;;852 1314 1991 
1896;;141 142 204 
1897;;668 1088 1211 
1898;;589 760 
1899;;2069 
1900;;423 
1901;;1754 
1902;;2045 
1903;;620 
1904;;515 1134 1493 
1905;;304 1673 
1906;;822 1301 
1907;;689 
